{
 "cells": [
  {
   "cell_type": "code",
   "execution_count": 3,
   "id": "16e751d7",
   "metadata": {},
   "outputs": [],
   "source": [
    "#Завантаження бібліотеки\n",
    "import numpy as np"
   ]
  },
  {
   "cell_type": "code",
   "execution_count": 39,
   "id": "f282c623",
   "metadata": {},
   "outputs": [
    {
     "name": "stdout",
     "output_type": "stream",
     "text": [
      "[50 46 42 38 34 30 26 22 18 14 10  6  2]\n"
     ]
    }
   ],
   "source": [
    "#Створіть одновимірний масив (вектор) із арифметичною прогресією, де кожне наступне число менше попереднього на 4,\n",
    "#починаючи з 50, та виведіть його значення.\n",
    "arr = np.arange(50, -1, -4)\n",
    "print(arr)"
   ]
  },
  {
   "cell_type": "code",
   "execution_count": 40,
   "id": "66e85823",
   "metadata": {},
   "outputs": [
    {
     "name": "stdout",
     "output_type": "stream",
     "text": [
      "[[ 0  2  6]\n",
      " [12 20 30]\n",
      " [42 56 72]]\n"
     ]
    }
   ],
   "source": [
    "#Створіть двовимірний масив (матрицю) розміром 3x3, заповніть його значеннями суми добутків кожного числа на його попереднє,\n",
    "#починаючи з 1, та виведіть його значення.\n",
    "matrix = np.arange(1, 10).reshape(3, 3) * (np.arange(1, 10).reshape(3, 3) - 1)\n",
    "print(matrix)\n"
   ]
  },
  {
   "cell_type": "code",
   "execution_count": 41,
   "id": "56e8f709",
   "metadata": {},
   "outputs": [
    {
     "name": "stdout",
     "output_type": "stream",
     "text": [
      "[[-1 -2 -2]\n",
      " [-2  1  0]\n",
      " [ 2  0  1]]\n",
      "Мінімальний елемент: -2\n"
     ]
    }
   ],
   "source": [
    "#Створіть масив розміром 3x3, заповніть його випадковими цілими числами в діапазоні від -5 до 5 та знайдіть\n",
    "#мінімальний елемент.\n",
    "matrix = np.random.randint(-5,6,size=(3,3))\n",
    "min_n = np.min(matrix)\n",
    "print(matrix)\n",
    "print(\"Мінімальний елемент:\", min_n)\n"
   ]
  },
  {
   "cell_type": "code",
   "execution_count": 42,
   "id": "49877e25",
   "metadata": {},
   "outputs": [
    {
     "name": "stdout",
     "output_type": "stream",
     "text": [
      "[[0.21311478 0.79747723 0.20884071]\n",
      " [0.12473394 0.9289779  0.3886479 ]\n",
      " [0.02259878 0.6139548  0.9849585 ]]\n",
      "Добуток елементів менше 0.2: 0.00281883455299757\n"
     ]
    }
   ],
   "source": [
    "#Створіть масив розміром 3x3, заповніть його випадковими дійсними числами в діапазоні від 0 до 1 та обчисліть\n",
    "#добуток елементів, що менше 0.2.\n",
    "random_matrix = np.random.random((3, 3))\n",
    "result = np.prod(random_matrix[random_matrix < 0.2])\n",
    "print(random_matrix)\n",
    "print(f\"Добуток елементів менше 0.2: {result}\")"
   ]
  },
  {
   "cell_type": "code",
   "execution_count": 43,
   "id": "5b1f5d16",
   "metadata": {},
   "outputs": [
    {
     "name": "stdout",
     "output_type": "stream",
     "text": [
      "Array A: [0.76871442 0.08258804 0.3319113  0.65519476]\n",
      "Array B: [0.1643778  0.04431446 0.78180299 0.64889813]\n",
      "Сума: [0.93309223 0.1269025  1.11371428 1.30409289]\n",
      "Різниця: [ 0.60433662  0.03827359 -0.44989169  0.00629664]\n",
      "Добуток: [0.12635959 0.00365984 0.25948924 0.42515466]\n"
     ]
    }
   ],
   "source": [
    "#Створіть два одновимірних масиви розміром 4, заповніть їх випадковими дійсними числами від 0 до 1\n",
    "#та виконайте на них поелементні операції додавання, віднімання та множення.\n",
    "array_a = np.random.rand(4)\n",
    "array_b = np.random.rand(4)\n",
    "plus = array_a + array_b\n",
    "minus = array_a - array_b\n",
    "dobutok = array_a * array_b\n",
    "print(\"Array A:\", array_a)\n",
    "print(\"Array B:\", array_b)\n",
    "print(\"Сума:\", plus)\n",
    "print(\"Різниця:\", minus)\n",
    "print(\"Добуток:\", dobutok)"
   ]
  },
  {
   "cell_type": "code",
   "execution_count": 44,
   "id": "efc8ac51",
   "metadata": {},
   "outputs": [
    {
     "name": "stdout",
     "output_type": "stream",
     "text": [
      "Матриця A:\n",
      " [[ 8 10  7]\n",
      " [ 9  7  7]\n",
      " [ 8  8  8]]\n",
      "Матриця B:\n",
      " [[ 7 10  8]\n",
      " [ 9  6  9]\n",
      " [ 7  9  9]]\n",
      "Array\n",
      " [[195 203 217]\n",
      " [175 195 198]\n",
      " [184 200 208]]\n"
     ]
    }
   ],
   "source": [
    "#Створіть дві матриці 3x3, заповніть їх довільними цілими числами від 5 до 10 та знайдіть їх добуток.\n",
    "matrix_a = np.random.randint(5, 11, size=(3, 3))\n",
    "matrix_b = np.random.randint(5, 11, size=(3, 3))\n",
    "array = np.dot(matrix_a, matrix_b)\n",
    "print(\"Матриця A:\\n\", matrix_a)\n",
    "print(\"Матриця B:\\n\", matrix_b)\n",
    "print(\"Array\\n\", array)"
   ]
  },
  {
   "cell_type": "code",
   "execution_count": 45,
   "id": "81133fd2",
   "metadata": {},
   "outputs": [
    {
     "name": "stdout",
     "output_type": "stream",
     "text": [
      "Матриця A:\n",
      " [[5 1 3]\n",
      " [1 1 5]]\n",
      "Матриця B:\n",
      " [[4 1 4]\n",
      " [4 3 1]\n",
      " [3 5 5]]\n",
      "Array:\n",
      " [[33 23 36]\n",
      " [23 29 30]]\n"
     ]
    }
   ],
   "source": [
    "#Створіть дві матриці розміром 2x3 та 3x3, заповніть їх випадковими цілими числами в діапазоні від\n",
    "#1 до 5 та перемножте їх між собою.\n",
    "matrix_a = np.random.randint(1, 6, size=(2, 3))\n",
    "matrix_b = np.random.randint(1, 6, size=(3, 3))\n",
    "array = np.dot(matrix_a, matrix_b)\n",
    "print(\"Матриця A:\\n\", matrix_a)\n",
    "print(\"Матриця B:\\n\", matrix_b)\n",
    "print(\"Array:\\n\", array)"
   ]
  },
  {
   "cell_type": "code",
   "execution_count": 21,
   "id": "840d70e0",
   "metadata": {},
   "outputs": [
    {
     "name": "stdout",
     "output_type": "stream",
     "text": [
      "Матриця:\n",
      " [[3 8 2]\n",
      " [5 1 1]\n",
      " [8 8 4]]\n",
      "Обернена матриця:\n",
      " [[ 0.09090909  0.36363636 -0.13636364]\n",
      " [ 0.27272727  0.09090909 -0.15909091]\n",
      " [-0.72727273 -0.90909091  0.84090909]]\n"
     ]
    }
   ],
   "source": [
    "#Створіть матрицю розміром 3x3, заповніть її випадковими цілими числами в діапазоні від 1\n",
    "#до 8 та знайдіть її обернену матрицю.\n",
    "matrix = np.random.randint(1, 9, size=(3, 3))\n",
    "rotate_matrix = np.linalg.inv(matrix) if np.linalg.det(matrix) != 0 else None\n",
    "print(\"Матриця:\\n\", matrix)\n",
    "if rotate_matrix is not None:\n",
    "    print(\"Обернена матриця:\\n\", rotate_matrix)\n",
    "else:\n",
    "    print(\"Матриця не обернена\")"
   ]
  },
  {
   "cell_type": "code",
   "execution_count": 46,
   "id": "be61c6a5",
   "metadata": {},
   "outputs": [
    {
     "name": "stdout",
     "output_type": "stream",
     "text": [
      "Матриця:\n",
      " [[ 60.69746932  73.66267364  53.33221786  59.60177034  99.23020378\n",
      "   77.95059906  74.15577385  99.08378302]\n",
      " [ 73.68587675  57.52765125  63.17945393  79.06028742  92.33473633\n",
      "   79.33436695  74.5889414   86.28782979]\n",
      " [ 89.54007701  72.85574501  62.64855443  54.22780018 100.92767133\n",
      "   56.56897431  89.29140078  92.13452732]\n",
      " [ 65.04535117  52.92779968  68.08623217  82.70958284  69.12678219\n",
      "   83.11934534  76.63542619  93.70764796]\n",
      " [ 56.94111173  56.99401224  92.90986566  78.64550379  82.77892947\n",
      "   78.80699229  97.13139713  98.28150398]\n",
      " [ 97.95978395 100.69320048  61.92712074  60.34273708  55.09432041\n",
      "   81.19839549  77.01944404  60.94008018]\n",
      " [ 57.7525669   99.56222544  79.36171775  67.32711364  68.54582161\n",
      "   73.34697204  77.07456963  94.91633325]\n",
      " [ 51.84936261  76.80665841  95.01545755  81.02743106  95.40358603\n",
      "   93.56140687  59.71746657  79.92455124]]\n",
      "Транспонована матриця:\n",
      " [[ 60.69746932  73.68587675  89.54007701  65.04535117  56.94111173\n",
      "   97.95978395  57.7525669   51.84936261]\n",
      " [ 73.66267364  57.52765125  72.85574501  52.92779968  56.99401224\n",
      "  100.69320048  99.56222544  76.80665841]\n",
      " [ 53.33221786  63.17945393  62.64855443  68.08623217  92.90986566\n",
      "   61.92712074  79.36171775  95.01545755]\n",
      " [ 59.60177034  79.06028742  54.22780018  82.70958284  78.64550379\n",
      "   60.34273708  67.32711364  81.02743106]\n",
      " [ 99.23020378  92.33473633 100.92767133  69.12678219  82.77892947\n",
      "   55.09432041  68.54582161  95.40358603]\n",
      " [ 77.95059906  79.33436695  56.56897431  83.11934534  78.80699229\n",
      "   81.19839549  73.34697204  93.56140687]\n",
      " [ 74.15577385  74.5889414   89.29140078  76.63542619  97.13139713\n",
      "   77.01944404  77.07456963  59.71746657]\n",
      " [ 99.08378302  86.28782979  92.13452732  93.70764796  98.28150398\n",
      "   60.94008018  94.91633325  79.92455124]]\n"
     ]
    }
   ],
   "source": [
    "#Створіть матрицю розміром 8x8, заповніть її випадковими дійсними\n",
    "#числами в діапазоні від 50 до 100 та транспонуйте її.\n",
    "matrix = np.random.uniform(50, 101, size=(8, 8))\n",
    "tran_matrix = np.transpose(matrix)\n",
    "print(\"Матриця:\\n\", matrix)\n",
    "print(\"Транспонована матриця:\\n\", tran_matrix)"
   ]
  },
  {
   "cell_type": "code",
   "execution_count": 47,
   "id": "66dbf9a4",
   "metadata": {},
   "outputs": [
    {
     "name": "stdout",
     "output_type": "stream",
     "text": [
      "Матриця:\n",
      " [[ 0.67944372 -0.04461776  0.22894041  0.33753215]\n",
      " [-0.31978915 -0.52160723  0.77103532 -0.06349963]\n",
      " [-0.76665144  0.16903025  0.32790921  0.43417025]]\n",
      "Вектор:\n",
      " [[-1]\n",
      " [-1]\n",
      " [ 3]\n",
      " [-2]]\n",
      "Добуток матриці на вектор:\n",
      " [[-0.62306903]\n",
      " [ 3.28150159]\n",
      " [ 0.71300832]]\n"
     ]
    }
   ],
   "source": [
    "#Створіть матрицю розміром 3x4 та вектор розміром 4x1, заповніть матрицю випадковими дійсними\n",
    "#числами від -1 до 1, а вектор - випадковими цілими числами в діапазоні від -3 до 3 і знайдіть\n",
    "#добуток матриці на вектор.\n",
    "matrix = np.random.uniform(-1, 1, size=(3, 4))\n",
    "vector = np.random.randint(-3, 4, size=(4, 1))\n",
    "array = np.dot(matrix, vector)\n",
    "print(\"Матриця:\\n\", matrix)\n",
    "print(\"Вектор:\\n\", vector)\n",
    "print(\"Добуток матриці на вектор:\\n\", array)"
   ]
  },
  {
   "cell_type": "code",
   "execution_count": 48,
   "id": "e1fec341",
   "metadata": {},
   "outputs": [
    {
     "name": "stdout",
     "output_type": "stream",
     "text": [
      "Матриця:\n",
      " [[ 6  3  5]\n",
      " [10  5  2]]\n",
      "Вектор:\n",
      " [[0.3923261 ]\n",
      " [0.95975599]\n",
      " [0.34297932]]\n",
      "Array:\n",
      " [[6.94812117]\n",
      " [9.40799961]]\n"
     ]
    }
   ],
   "source": [
    "#Створіть матрицю розміром 2x3 та вектор розміром 3x1, заповніть матрицю випадковими цілими числами\n",
    "#в діапазоні від 1 до 10, а вектор - випадковими дійсними числами від 0 до 1, і знайдіть\n",
    "#добуток матриці на вектор.\n",
    "matrix = np.random.randint(1, 11, size=(2, 3))\n",
    "vector = np.random.rand(3, 1)\n",
    "array = np.dot(matrix, vector)\n",
    "print(\"Матриця:\\n\", matrix)\n",
    "print(\"Вектор:\\n\", vector)\n",
    "print(\"Array:\\n\", array)"
   ]
  },
  {
   "cell_type": "code",
   "execution_count": 49,
   "id": "599b0bff",
   "metadata": {},
   "outputs": [
    {
     "name": "stdout",
     "output_type": "stream",
     "text": [
      "Матриця A:\n",
      " [[ 5  4  5  7  6]\n",
      " [ 5  3 10  3  8]\n",
      " [10  1  7 10  8]\n",
      " [ 4  2  9  8  4]\n",
      " [ 9  6  6 10  9]]\n",
      "Матриця B:\n",
      " [[ 4 10  5  4  2]\n",
      " [ 7  6  2  2  8]\n",
      " [ 4  2  9  1  1]\n",
      " [10  4  4  9  9]\n",
      " [ 6  8  5 10  8]]\n",
      "Результат ділення:\n",
      " [[ 1.25        0.4         1.          1.75        3.        ]\n",
      " [ 0.71428571  0.5         5.          1.5         1.        ]\n",
      " [ 2.5         0.5         0.77777778 10.          8.        ]\n",
      " [ 0.4         0.5         2.25        0.88888889  0.44444444]\n",
      " [ 1.5         0.75        1.2         1.          1.125     ]]\n"
     ]
    }
   ],
   "source": [
    "#Створіть дві матриці розміром 5x5, заповніть їх випадковими цілими числами в\n",
    "#діапазоні від 1 до 10 та знайдіть відношення всіх елементів першої матриці до відповідних\n",
    "#елементів другої матриці (поелементне ділення).\n",
    "matrix1 = np.random.randint(1, 11, size=(5, 5))\n",
    "matrix2 = np.random.randint(1, 11, size=(5, 5))\n",
    "dividing = np.divide(matrix1, matrix2)\n",
    "print(\"Матриця A:\\n\", matrix1)\n",
    "print(\"Матриця B:\\n\", matrix2)\n",
    "print(\"Результат ділення:\\n\", dividing)"
   ]
  },
  {
   "cell_type": "code",
   "execution_count": 50,
   "id": "dee100e1",
   "metadata": {},
   "outputs": [
    {
     "name": "stdout",
     "output_type": "stream",
     "text": [
      "Матриця A:\n",
      " [[ -5   5  -8   4]\n",
      " [  1   1   3  -2]\n",
      " [ -3   9 -10  -1]\n",
      " [ -3  -9   5  -4]]\n",
      "Матриця B:\n",
      " [[  4   6  -2  -1]\n",
      " [ -1   1   3  -9]\n",
      " [  5  -8   0   0]\n",
      " [  6  -1   7 -10]]\n",
      "Різниця:\n",
      " [[ -9  -1  -6   5]\n",
      " [  2   0   0   7]\n",
      " [ -8  17 -10  -1]\n",
      " [ -9  -8  -2   6]]\n"
     ]
    }
   ],
   "source": [
    "#Створіть дві матриці розміром 4x4, заповніть їх випадковими цілими числами в діапазоні\n",
    "#від -10 до 10 та знайдіть різницю їх елементів.\n",
    "matrix1 = np.random.randint(-10, 11, size=(4, 4))\n",
    "matrix2 = np.random.randint(-10, 11, size=(4, 4))\n",
    "equation = np.subtract(matrix1, matrix2)\n",
    "print(\"Матриця A:\\n\", matrix1)\n",
    "print(\"Матриця B:\\n\", matrix2)\n",
    "print(\"Різниця:\\n\", equation)"
   ]
  },
  {
   "cell_type": "code",
   "execution_count": 51,
   "id": "bd2d1f47",
   "metadata": {},
   "outputs": [
    {
     "name": "stdout",
     "output_type": "stream",
     "text": [
      "Матриця:\n",
      " [[9 7 5]\n",
      " [5 3 5]\n",
      " [5 4 1]]\n",
      "Середнє арифметичне: 4.888888888888889\n",
      "Сума елементів менше середнього: 8\n"
     ]
    }
   ],
   "source": [
    "#Створіть матрицю розміром 3x3, заповніть її випадковими цілими числами в діапазоні\n",
    "#від 1 до 10 та знайдіть суму елементів матриці, які менше за їх середнє\n",
    "#арифметичне значення.\n",
    "matrix = np.random.randint(1, 11, size=(3, 3))\n",
    "mean = np.mean(matrix)\n",
    "sum_below_mean = np.sum(matrix[matrix < mean])\n",
    "print(\"Матриця:\\n\", matrix)\n",
    "print(f\"Середнє арифметичне: {mean}\")\n",
    "print(f\"Сума елементів менше середнього: {sum_below_mean}\")"
   ]
  },
  {
   "cell_type": "code",
   "execution_count": 52,
   "id": "bda6da17",
   "metadata": {},
   "outputs": [
    {
     "name": "stdout",
     "output_type": "stream",
     "text": [
      "Матриця:\n",
      " [[ 1.04683991  0.58745126  1.12713886]\n",
      " [ 0.04165667  1.13496693  0.32030414]\n",
      " [-0.12970724 -0.46646068  0.23821424]]\n",
      "Гармонічне середнє вектор:\n",
      " [[ 0.84632754]\n",
      " [ 0.10710891]\n",
      " [-0.53045036]]\n"
     ]
    }
   ],
   "source": [
    "#Створіть матрицю розміром 3x3, заповніть її випадковими дійсними\n",
    "#числами в діапазоні від -2 до 2 та знайдіть вектор-стовпчик, що містить\n",
    "#середнє гармонічне значення елементів кожного рядка матриці.\n",
    "matrix = np.random.uniform(-2, 2, size=(3, 3))\n",
    "harmonic_mean = np.reciprocal(np.mean(np.reciprocal(matrix), axis=1)).reshape(-1, 1)\n",
    "print(\"Матриця:\\n\", matrix)\n",
    "print(\"Гармонічне середнє вектор:\\n\", harmonic_mean)"
   ]
  },
  {
   "cell_type": "code",
   "execution_count": 53,
   "id": "ed8adae7",
   "metadata": {},
   "outputs": [],
   "source": [
    "#Висновок\n",
    "#У ході виконання завдань з використанням бібліотеки NumPy були опрацьовані різноманітні операції з масивами та матрицями,\n",
    "#що продемонструвало ефективність цієї бібліотеки для наукових обчислень і аналізу даних. Завдання охоплювали\n",
    "#різні операції та функції, які часто застосовуються в дослідницьких проєктах, аналізі даних та машинному навчанні."
   ]
  }
 ],
 "metadata": {
  "kernelspec": {
   "display_name": "Python 3 (ipykernel)",
   "language": "python",
   "name": "python3"
  },
  "language_info": {
   "codemirror_mode": {
    "name": "ipython",
    "version": 3
   },
   "file_extension": ".py",
   "mimetype": "text/x-python",
   "name": "python",
   "nbconvert_exporter": "python",
   "pygments_lexer": "ipython3",
   "version": "3.11.5"
  }
 },
 "nbformat": 4,
 "nbformat_minor": 5
}
